0.00000
0.00078
0.00159
0.00241
0.00313
0.00385
0.00459
0.00539
0.00623
0.00711
0.00806
0.00905
0.01012
0.01122
0.01238
0.01358
0.01485
0.01616
0.01750
0.01889
0.02033
0.02179
0.02330
0.02485
0.02643
0.02803
0.02967
0.03133
0.03303
0.03475
0.03647
0.03824
0.04001
0.04182
0.04362
0.04545
0.04729
0.04916
0.05103
0.05293
0.05483
0.05676
0.05868
0.06063
0.06259
0.06457
0.06655
0.06857
0.07057
0.07260
0.07463
0.07669
0.07875
0.08081
0.08290
0.08499
0.08711
0.08922
0.09134
0.09349
0.09564
0.09779
0.09996
0.10214
0.10434
0.10652
0.10874
0.11096
0.11319
0.11542
0.11766
0.11992
0.12220
0.12445
0.12674
0.12903
0.13134
0.13364
0.13596
0.13828
0.14062
0.14297
0.14532
0.14767
0.15003
0.15240
0.15478
0.15717
0.15957
0.16198
0.16439
0.16682
0.16925
0.17167
0.17411
0.17657
0.17903
0.18150
0.18397
0.18645
0.18893
0.19144
0.19392
0.19643
0.19894
0.20148
0.20400
0.20653
0.20908
0.21163
0.21417
0.21674
0.21932
0.22187
0.22443
0.22698
0.22953
0.23206
0.23461
0.23714
0.23966
0.24218
0.24468
0.24720
0.24970
0.25219
0.25468
0.25717
0.25964
0.26211
0.26457
0.26702
0.26948
0.27192
0.27436
0.27679
0.27922
0.28163
0.28404
0.28644
0.28885
0.29123
0.29361
0.29599
0.29837
0.30072
0.30309
0.30544
0.30777
0.31012
0.31244
0.31476
0.31708
0.31938
0.32169
0.32399
0.32627
0.32854
0.33083
0.33309
0.33535
0.33759
0.33985
0.34209
0.34432
0.34653
0.34876
0.35098
0.35317
0.35536
0.35755
0.35974
0.36192
0.36408
0.36624
0.36839
0.37054
0.37268
0.37481
0.37693
0.37906
0.38116
0.38327
0.38537
0.38746
0.38954
0.39163
0.39369
0.39575
0.39781
0.39987
0.40190
0.40393
0.40596
0.40799
0.41001
0.41202
0.41402
0.41600
0.41800
0.41999
0.42195
0.42392
0.42589
0.42785
0.42980
0.43174
0.43368
0.43560
0.43752
0.43943
0.44134
0.44324
0.44514
0.44703
0.44892
0.45078
0.45266
0.45452
0.45637
0.45823
0.46008
0.46191
0.46374
0.46557
0.46739
0.46920
0.47100
0.47280
0.47459
0.47639
0.47816
0.47995
0.48172
0.48347
0.48524
0.48698
0.48872
0.49048
0.49220
0.49393
0.49565
0.49736
0.49907
0.50078
0.50247
0.50417
0.50585
0.50754
0.50920
0.51087
0.51253
0.51419
0.51584
0.51749
0.51912
0.52076
0.52239
0.52401
0.52562
0.52724
0.52884
0.53045
0.53203
0.53362
0.53521
0.53678
0.53835
0.53992
0.54148
0.54304
0.54459
0.54613
0.54768
0.54920
0.55074
0.55227
0.55378
0.55529
0.55680
0.55831
0.55979
0.56130
0.56278
0.56426
0.56574
0.56723
0.56868
0.57014
0.57161
0.57305
0.57450
0.57594
0.57739
0.57881
0.58024
0.58166
0.58308
0.58450
0.58590
0.58731
0.58871
0.59010
0.59149
0.59288
0.59427
0.59564
0.59701
0.59837
0.59973
0.60109
0.60245
0.60381
0.60515
0.60649
0.60782
0.60916
0.61048
0.61180
0.61313
0.61444
0.61574
0.61705
0.61835
0.61965
0.62094
0.62224
0.62352
0.62481
0.62607
0.62735
0.62862
0.62987
0.63114
0.63241
0.63366
0.63489
0.63614
0.63738
0.63862
0.63985
0.64107
0.64229
0.64352
0.64474
0.64596
0.64716
0.64837
0.64957
0.65076
0.65195
0.65315
0.65434
0.65553
0.65670
0.65788
0.65905
0.66021
0.66139
0.66255
0.66371
0.66485
0.66601
0.66716
0.66830
0.66943
0.67056
0.67170
0.67283
0.67396
0.67508
0.67619
0.67732
0.67843
0.67953
0.68063
0.68173
0.68284
0.68394
0.68503
0.68611
0.68719
0.68828
0.68936
0.69044
0.69151
0.69258
0.69363
0.69470
0.69575
0.69682
0.69788
0.69891
0.69997
0.70100
0.70204
0.70309
0.70412
0.70516
0.70618
0.70720
0.70822
0.70925
0.71025
0.71127
0.71228
0.71327
0.71430
0.71529
0.71630
0.71729
0.71826
0.71926
0.72025
0.72123
0.72222
0.72318
0.72416
0.72513
0.72611
0.72705
0.72803
0.72899
0.72994
0.73090
0.73185
0.73281
0.73374
0.73470
0.73563
0.73656
0.73751
0.73844
0.73937
0.74030
0.74122
0.74213
0.74305
0.74398
0.74488
0.74580
0.74671
0.74761
0.74851
0.74941
0.75031
0.75120
0.75210
0.75298
0.75387
0.75475
0.75564
0.75652
0.75739
0.75828
0.75915
0.76002
0.76089
0.76174
0.76261
0.76347
0.76432
0.76518
0.76603
0.76689
0.76773
0.76858
0.76942
0.77026
0.77110
0.77192
0.77276
0.77360
0.77443
0.77525
0.77607
0.77690
0.77771
0.77853
0.77934
0.78016
0.78097
0.78177
0.78257
0.78338
0.78418
0.78499
0.78578
0.78657
0.78737
0.78815
0.78894
0.78972
0.79050
0.79127
0.79207
0.79285
0.79361
0.79439
0.79515
0.79593
0.79668
0.79745
0.79822
0.79897
0.79973
0.80048
0.80124
0.80199
0.80273
0.80347
0.80423
0.80496
0.80570
0.80644
0.80718
0.80791
0.80864
0.80936
0.81009
0.81082
0.81154
0.81226
0.81299
0.81371
0.81441
0.81513
0.81584
0.81656
0.81725
0.81797
0.81867
0.81937
0.82007
0.82076
0.82146
0.82216
0.82285
0.82354
0.82422
0.82491
0.82560
0.82628
0.82695
0.82764
0.82831
0.82898
0.82966
0.83033
0.83100
0.83165
0.83233
0.83298
0.83365
0.83431
0.83497
0.83562
0.83628
0.83692
0.83758
0.83823
0.83887
0.83951
0.84016
0.84080
0.84144
0.84208
0.84272
0.84334
0.84399
0.84461
0.84524
0.84586
0.84650
0.84711
0.84774
0.84837
0.84898
0.84960
0.85021
0.85082
0.85143
0.85204
0.85265
0.85326
0.85386
0.85447
0.85507
0.85568
0.85626
0.85687
0.85746
0.85806
0.85864
0.85923
0.85983
0.86041
0.86099
0.86157
0.86215
0.86273
0.86331
0.86389
0.86447
0.86505
0.86561
0.86618
0.86676
0.86730
0.86788
0.86845
0.86900
0.86956
0.87013
0.87068
0.87124
0.87179
0.87234
0.87289
0.87344
0.87399
0.87454
0.87509
0.87564
0.87617
0.87671
0.87725
0.87779
0.87832
0.87886
0.87939
0.87993
0.88046
0.88098
0.88151
0.88203
0.88255
0.88308
0.88360
0.88412
0.88464
0.88516
0.88568
0.88618
0.88670
0.88721
0.88771
0.88823
0.88873
0.88923
0.88974
0.89024
0.89075
0.89125
0.89174
0.89224
0.89273
0.89322
0.89372
0.89421
0.89470
0.89519
0.89567
0.89615
0.89665
0.89712
0.89761
0.89809
0.89856
0.89903
0.89952
0.89998
0.90047
0.90094
0.90141
0.90187
0.90233
0.90280
0.90328
0.90373
0.90419
0.90466
0.90512
0.90558
0.90604
0.90648
0.90695
0.90740
0.90785
0.90830
0.90875
0.90920
0.90964
0.91008
0.91052
0.91097
0.91142
0.91185
0.91229
0.91272
0.91316
0.91359
0.91403
0.91446
0.91490
0.91533
0.91576
0.91617
0.91661
0.91703
0.91745
0.91788
0.91829
0.91872
0.91913
0.91956
0.91997
0.92038
0.92079
0.92121
0.92162
0.92203
0.92244
0.92286
0.92325
0.92366
0.92408
0.92447
0.92487
0.92527
0.92566
0.92608
0.92646
0.92685
0.92725
0.92765
0.92804
0.92843
0.92882
0.92920
0.92959
0.92998
0.93036
0.93075
0.93113
0.93151
0.93189
0.93227
0.93265
0.93303
0.93340
0.93378
0.93415
0.93451
0.93490
0.93528
0.93563
0.93599
0.93638
0.93673
0.93709
0.93746
0.93783
0.93819
0.93856
0.93889
0.93926
0.93963
0.93998
0.94033
0.94068
0.94105
0.94140
0.94175
0.94210
0.94244
0.94279
0.94314
0.94347
0.94381
0.94416
0.94450
0.94485
0.94518
0.94552
0.94585
0.94619
0.94653
0.94686
0.94720
0.94752
0.94787
0.94819
0.94851
0.94884
0.94917
0.94949
0.94982
0.95014
0.95048
0.95080
0.95112
0.95144
0.95176
0.95206
0.95239
0.95269
0.95301
0.95332
0.95364
0.95396
0.95426
0.95457
0.95487
0.95518
0.95550
0.95579
0.95611
0.95640
0.95670
0.95701
0.95730
0.95760
0.95791
0.95820
0.95851
0.95879
0.95910
0.95939
0.95968
0.95997
0.96026
0.96055
0.96084
0.96113
0.96142
0.96169
0.96198
0.96226
0.96255
0.96284
0.96311
0.96339
0.96368
0.96394
0.96423
0.96450
0.96478
0.96505
0.96533
0.96560
0.96586
0.96615
0.96641
0.96667
0.96694
0.96722
0.96748
0.96774
0.96801
0.96827
0.96853
0.96879
0.96905
0.96931
0.96957
0.96983
0.97009
0.97035
0.97059
0.97085
0.97111
0.97135
0.97161
0.97186
0.97212
0.97236
0.97261
0.97285
0.97309
0.97334
0.97358
0.97384
0.97407
0.97432
0.97456
0.97479
0.97503
0.97528
0.97552
0.97575
0.97598
0.97622
0.97645
0.97668
0.97691
0.97715
0.97738
0.97761
0.97784
0.97807
0.97830
0.97851
0.97874
0.97897
0.97920
0.97941
0.97964
0.97986
0.98008
0.98030
0.98051
0.98074
0.98095
0.98117
0.98138
0.98160
0.98181
0.98202
0.98224
0.98245
0.98266
0.98286
0.98308
0.98327
0.98349
0.98370
0.98390
0.98411
0.98431
0.98451
0.98471
0.98491
0.98511
0.98530
0.98550
0.98570
0.98591
0.98610
0.98630
0.98649
0.98669
0.98688
0.98707
0.98727
0.98746
0.98765
0.98784
0.98802
0.98820
0.98840
0.98858
0.98877
0.98895
0.98913
0.98932
0.98950
0.98968
0.98985
0.99003
0.99022
0.99040
0.99058
0.99075
0.99093
0.99110
0.99129
0.99145
0.99162
0.99180
0.99197
0.99214
0.99231
0.99248
0.99264
0.99281
0.99298
0.99315
0.99332
0.99348
0.99364
0.99380
0.99397
0.99412
0.99429
0.99444
0.99461
0.99477
0.99493
0.99509
0.99524
0.99541
0.99554
0.99571
0.99586
0.99600
0.99615
0.99632
0.99647
0.99661
0.99676
0.99690
0.99705
0.99721
0.99734
0.99750
0.99763
0.99779
0.99792
0.99806
0.99821
0.99837
0.99850
0.99864
0.99878
0.99892
0.99905
0.99919
0.99933
0.99947
0.99960
0.99973
0.99986
1.00000
